 0 0 0 0 0 0 0 0 0 0 0 0 0 0 0 0 0 0 0 0 0 0 0 0 0 0 0 0 0 0 0 0 0 0 0 0 0 0 0 0
 0 0 0 0 0 0 0 0 0 0 0 0 0 0 0 0 0 0 0 0 0 0 0 0 0 0 0 0 0 0 0 0 0 0 0 0 0 0 0 0
 0 0 0 0 0 0 0 0 0 0 0 0 0 0 0 0 0 0 0 0 0 0 0 0 0 0 0 0 0 0 0 0 0 0 0 0 0 0 0 0
 0 0 0 0 0 0 0 0 0 0 0 0 0 0 0 0 0 0 0 0 0 0 0 0 0 0 0 0 0 0 0 0 0 0 0 0 0 0 0 0
 0 0 0 0 0 0 0 0 0 0 0 0 0 0 0 0 0 0 0 0 0 0 0 0 0 0 0 0 0 0 0 0 0 0 0 0 0 0 0 0
 0 0 0 0 0 0 0 0 0 0 0 0 0 0 0 0 0 0 0 0 0 0 0 0 0 0 0 0 0 0 0 0 0 0 0 0 0 0 0 0
 0 0 0 0 0 0 0 0 0 0 0 0 0 0 0 0 0 0 0 0 0 0 0 0 0 0 0 0 0 0 0 0 0 0 0 0 0 0 0 0
 0 0 0 0 0 0 0 0 0 0 0 0 0 0 0 0 0 0 0 0 0 0 0 0 0 0 0 0 0 0 0 0 0 0 0 0 0 0 0 0
 0 0 0 0 0 0 0 0 0 0 0 0 0 0 0 0 0 0 0 0 0 0 0 0 0 0 0 0 0 0 0 0 0 0 0 0 0 0 0 0
 0 0 0 0 0 0 0 0 0 0 0 0 0 0 0 0 0 0 0 0 0 0 0 0 0 0 0 0 0 0 0 0 0 0 0 0 0 0 0 0
 0 0 0 0 0 0 0 0 0 0 0 0 0 0 0 0 0 0 0 0 0 0 0 0 0 0 0 0 0 0 0 0 0 0 0 0 0 0 0 0
 0 0 0 0 0 0 0 0 0 0 0 0 0 0 0 0 0 0 0 0 0 0 0 0 0 0 0 0 0 0 0 0 0 0 0 0 0 0 0 0
 0 0 0 0 0 0 0 0 0 0 0 0 0 0 0 0 0 0 0 0 0 0 0 0 0 0 0 0 0 0 0 0 0 0 0 0 0 0 0 0
 0 0 0 0 0 0 0 0 0 0 0 0 0 0 0 0 0 0 0 0 0 0 0 0 0 0 0 0 0 0 0 0 0 0 0 0 0 0 0 0
 0 0 0 0 0 0 0 0 0 0 0 0 0 0 0 0 0 0 0 0 0 0 0 0 0 0 0 0 0 0 0 0 0 0 0 0 0 0 0 0
 0 0 0 0 0 0 0 0 0 0 0 0 0 0 0 0 0 0 0 0 0 0 0 0 0 0 0 0 0 0 0 0 0 0 0 0 0 0 0 0
 0 0 0 0 0 0 0 0 0 0 0 0 0 0 0 0 0 0 0 0 0 0 0 0 0 0 0 0 0 0 0 0 0 0 0 0 0 0 0 0
 0 0 0 0 0 0 0 0 0 0 0 0 0 0 0 0 0 0 0 0 0 0 0 0 0 0 0 0 0 0 0 0 0 0 0 0 0 0 0 0
 0 0 0 0 0 0 0 0 0 0 0 0 0 0 0 0 0 0 0 0 0 0 0 0 0 0 0 0 0 0 0 0 0 0 0 0 0 0 0 0
 0 0 0 0 0 0 0 0 0 0 0 0 0 0 0 0 0 0 0 0 0 0 0 0 0 0 0 0 0 0 0 0 0 0 0 0 0 0 0 0.520941
 0 0 0 0 0 0 0 0 0 0 0 0 0 0 0 0 0 0 0 0 0 0 0 0 0 0 0 0 0 0 0 0 0 0 0 0 0 0 0 0.495532
 0 0 0 0 0 0 0 0 0 0 0 0 0 0 0 0 0 0 0 0 0 0 0 0 0 0 0 0 0 0 0 0 0 0 0 0 0 0 0.471361 0.471361
 1.11022e-16 1.11022e-16 1.11022e-16 1.11022e-16 1.11022e-16 1.11022e-16 1.11022e-16 1.11022e-16 1.11022e-16 1.11022e-16 1.11022e-16 1.11022e-16 1.11022e-16 1.11022e-16 1.11022e-16 1.11022e-16 1.11022e-16 1.11022e-16 1.11022e-16 1.11022e-16 1.11022e-16 1.11022e-16 1.11022e-16 1.11022e-16 1.11022e-16 1.11022e-16 1.11022e-16 1.11022e-16 1.11022e-16 1.11022e-16 1.11022e-16 1.11022e-16 1.11022e-16 1.11022e-16 1.11022e-16 1.11022e-16 1.11022e-16 0.44837 0.44837 0.44837
 1.11022e-16 1.11022e-16 1.11022e-16 1.11022e-16 1.11022e-16 1.11022e-16 1.11022e-16 1.11022e-16 1.11022e-16 1.11022e-16 1.11022e-16 1.11022e-16 1.11022e-16 1.11022e-16 1.11022e-16 1.11022e-16 1.11022e-16 1.11022e-16 1.11022e-16 1.11022e-16 1.11022e-16 1.11022e-16 1.11022e-16 1.11022e-16 1.11022e-16 1.11022e-16 1.11022e-16 1.11022e-16 1.11022e-16 1.11022e-16 1.11022e-16 1.11022e-16 1.11022e-16 1.11022e-16 1.11022e-16 1.11022e-16 0.4265 0.4265 0.4265 0.4265
 0 0 0 0 0 0 0 0 0 0 0 0 0 0 0 0 0 0 0 0 0 0 0 0 0 0 0 0 0 0 0 0 0 0 0 0 0.405696 0.405696 0.405696 0.405696
 1.11022e-16 1.11022e-16 1.11022e-16 1.11022e-16 1.11022e-16 1.11022e-16 1.11022e-16 1.11022e-16 1.11022e-16 1.11022e-16 1.11022e-16 1.11022e-16 1.11022e-16 1.11022e-16 1.11022e-16 1.11022e-16 1.11022e-16 1.11022e-16 1.11022e-16 1.11022e-16 1.11022e-16 1.11022e-16 1.11022e-16 1.11022e-16 1.11022e-16 1.11022e-16 1.11022e-16 1.11022e-16 1.11022e-16 1.11022e-16 1.11022e-16 1.11022e-16 1.11022e-16 1.11022e-16 1.11022e-16 0.385907 0.385907 0.385907 0.385907 0.740757
 1.11022e-16 1.11022e-16 1.11022e-16 1.11022e-16 1.11022e-16 1.11022e-16 1.11022e-16 1.11022e-16 1.11022e-16 1.11022e-16 1.11022e-16 1.11022e-16 1.11022e-16 1.11022e-16 1.11022e-16 1.11022e-16 1.11022e-16 1.11022e-16 1.11022e-16 1.11022e-16 1.11022e-16 1.11022e-16 1.11022e-16 1.11022e-16 1.11022e-16 1.11022e-16 1.11022e-16 1.11022e-16 1.11022e-16 1.11022e-16 1.11022e-16 1.11022e-16 1.11022e-16 1.11022e-16 0.367083 0.367083 0.367083 0.367083 0.367083 0.740757
 1.11022e-16 1.11022e-16 1.11022e-16 1.11022e-16 1.11022e-16 1.11022e-16 1.11022e-16 1.11022e-16 1.11022e-16 1.11022e-16 1.11022e-16 1.11022e-16 1.11022e-16 1.11022e-16 1.11022e-16 1.11022e-16 1.11022e-16 1.11022e-16 1.11022e-16 1.11022e-16 1.11022e-16 1.11022e-16 1.11022e-16 1.11022e-16 1.11022e-16 1.11022e-16 1.11022e-16 1.11022e-16 1.11022e-16 1.11022e-16 1.11022e-16 1.11022e-16 1.11022e-16 0.349177 0.349177 0.349177 0.349177 0.349177 0.740757 0.740757
 1.11022e-16 1.11022e-16 1.11022e-16 1.11022e-16 1.11022e-16 1.11022e-16 1.11022e-16 1.11022e-16 1.11022e-16 1.11022e-16 1.11022e-16 1.11022e-16 1.11022e-16 1.11022e-16 1.11022e-16 1.11022e-16 1.11022e-16 1.11022e-16 1.11022e-16 1.11022e-16 1.11022e-16 1.11022e-16 1.11022e-16 1.11022e-16 1.11022e-16 1.11022e-16 1.11022e-16 1.11022e-16 1.11022e-16 1.11022e-16 1.11022e-16 1.11022e-16 1.11022e-16 0.332145 0.332145 0.332145 0.332145 0.740757 0.740757 0.740757
 1.11022e-16 1.11022e-16 1.11022e-16 1.11022e-16 1.11022e-16 1.11022e-16 1.11022e-16 1.11022e-16 1.11022e-16 1.11022e-16 1.11022e-16 1.11022e-16 1.11022e-16 1.11022e-16 1.11022e-16 1.11022e-16 1.11022e-16 1.11022e-16 1.11022e-16 1.11022e-16 1.11022e-16 1.11022e-16 1.11022e-16 1.11022e-16 1.11022e-16 1.11022e-16 1.11022e-16 1.11022e-16 1.11022e-16 1.11022e-16 1.11022e-16 1.11022e-16 0.315943 0.315943 0.315943 0.315943 0.740757 0.740757 0.740757 0.740757
 1.11022e-16 1.11022e-16 1.11022e-16 1.11022e-16 1.11022e-16 1.11022e-16 1.11022e-16 1.11022e-16 1.11022e-16 1.11022e-16 1.11022e-16 1.11022e-16 1.11022e-16 1.11022e-16 1.11022e-16 1.11022e-16 1.11022e-16 1.11022e-16 1.11022e-16 1.11022e-16 1.11022e-16 1.11022e-16 1.11022e-16 1.11022e-16 1.11022e-16 1.11022e-16 1.11022e-16 1.11022e-16 1.11022e-16 1.11022e-16 1.11022e-16 0.300531 0.300531 0.300531 0.300531 0.300531 0.740757 0.740757 0.740757 0.740757
 2.22045e-16 2.22045e-16 2.22045e-16 2.22045e-16 2.22045e-16 2.22045e-16 2.22045e-16 2.22045e-16 2.22045e-16 2.22045e-16 2.22045e-16 2.22045e-16 2.22045e-16 2.22045e-16 2.22045e-16 2.22045e-16 2.22045e-16 2.22045e-16 2.22045e-16 2.22045e-16 2.22045e-16 2.22045e-16 2.22045e-16 2.22045e-16 2.22045e-16 2.22045e-16 2.22045e-16 2.22045e-16 2.22045e-16 2.22045e-16 0.285871 0.285871 0.285871 0.285871 0.285871 0.740757 0.740757 0.740757 0.740757 0.740757
 1.11022e-16 1.11022e-16 1.11022e-16 1.11022e-16 1.11022e-16 1.11022e-16 1.11022e-16 1.11022e-16 1.11022e-16 1.11022e-16 1.11022e-16 1.11022e-16 1.11022e-16 1.11022e-16 1.11022e-16 1.11022e-16 1.11022e-16 1.11022e-16 1.11022e-16 1.11022e-16 1.11022e-16 1.11022e-16 1.11022e-16 1.11022e-16 1.11022e-16 1.11022e-16 1.11022e-16 1.11022e-16 1.11022e-16 1.11022e-16 0.271926 0.271926 0.271926 0.271926 0.740757 0.740757 0.740757 0.740757 0.740757 0.740757
 1.43275 1.43275 1.43275 1.43275 1.43275 1.43275 1.43275 1.43275 1.43275 1.43275 1.43275 1.43275 1.43275 1.43275 1.43275 1.43275 1.43275 1.43275 1.43275 1.43275 1.43275 1.43275 1.43275 1.43275 1.43275 1.43275 1.43275 1.43275 1.43275 1.69141 1.69141 1.69141 1.69141 2.17351 2.17351 2.17351 2.17351 2.17351 2.17351 2.17351
 1.36288 1.36288 1.36288 1.36288 1.36288 1.36288 1.36288 1.36288 1.36288 1.36288 1.36288 1.36288 1.36288 1.36288 1.36288 1.36288 1.36288 1.36288 1.36288 1.36288 1.36288 1.36288 1.36288 1.36288 1.36288 1.36288 1.36288 1.36288 1.60892 1.60892 1.60892 1.60892 1.60892 2.10363 2.10363 2.10363 2.10363 2.10363 2.10363 2.10363
 1.29641 1.29641 1.29641 1.29641 1.29641 1.29641 1.29641 1.29641 1.29641 1.29641 1.29641 1.29641 1.29641 1.29641 1.29641 1.29641 1.29641 1.29641 1.29641 1.29641 1.29641 1.29641 1.29641 1.29641 1.29641 1.29641 1.29641 1.53045 1.53045 1.53045 1.53045 1.53045 2.03717 2.03717 2.03717 2.03717 2.03717 2.03717 2.03717 2.03717
 1.23318 1.23318 1.23318 1.23318 1.23318 1.23318 1.23318 1.23318 1.23318 1.23318 1.23318 1.23318 1.23318 1.23318 1.23318 1.23318 1.23318 1.23318 1.23318 1.23318 1.23318 1.23318 1.23318 1.23318 1.23318 1.23318 1.23318 1.4558 1.4558 1.4558 1.4558 1.97394 1.97394 1.97394 1.97394 1.97394 1.97394 1.97394 1.97394 1.97394
 1.17304 1.17304 1.17304 1.17304 1.17304 1.17304 1.17304 1.17304 1.17304 1.17304 1.17304 1.17304 1.17304 1.17304 1.17304 1.17304 1.17304 1.17304 1.17304 1.17304 1.17304 1.17304 1.17304 1.17304 1.17304 1.17304 1.3848 1.3848 1.3848 1.3848 1.9138 1.9138 1.9138 1.9138 1.9138 1.9138 1.9138 1.9138 1.9138 1.9138
 1.11583 1.11583 1.11583 1.11583 1.11583 1.11583 1.11583 1.11583 1.11583 1.11583 1.11583 1.11583 1.11583 1.11583 1.11583 1.11583 1.11583 1.11583 1.11583 1.11583 1.11583 1.11583 1.11583 1.11583 1.11583 1.31726 1.31726 1.31726 1.31726 1.31726 1.85659 1.85659 1.85659 1.85659 1.85659 1.85659 1.85659 1.85659 1.85659 1.85659
 1.06141 1.06141 1.06141 1.06141 1.06141 1.06141 1.06141 1.06141 1.06141 1.06141 1.06141 1.06141 1.06141 1.06141 1.06141 1.06141 1.06141 1.06141 1.06141 1.06141 1.25301 1.25301 1.25301 1.25301 1.25301 1.25301 1.25301 1.25301 1.25301 1.80217 1.80217 1.80217 1.80217 1.80217 1.80217 1.80217 1.80217 1.80217 1.80217 1.80217
 1.00964 1.00964 1.00964 1.00964 1.00964 1.00964 1.00964 1.00964 1.00964 1.00964 1.00964 1.00964 1.00964 1.00964 1.00964 1.1919 1.1919 1.1919 1.1919 1.1919 1.1919 1.1919 1.1919 1.1919 1.1919 1.1919 1.1919 1.1919 1.7504 1.7504 1.7504 1.7504 1.7504 1.7504 1.7504 1.7504 1.7504 1.7504 1.7504 1.7504
 0.960403 0.960403 0.960403 0.960403 0.960403 0.960403 0.960403 0.960403 0.960403 0.960403 1.13377 1.13377 1.13377 1.13377 1.13377 1.13377 1.13377 1.13377 1.13377 1.13377 1.13377 1.13377 1.13377 1.13377 1.13377 1.13377 1.13377 1.70116 1.70116 1.70116 1.70116 1.70116 1.70116 1.70116 1.70116 1.70116 1.70116 1.70116 1.70116 1.70116
 0.913563 0.913563 0.913563 0.913563 0.913563 1.07847 1.07847 1.07847 1.07847 1.07847 1.07847 1.07847 1.07847 1.07847 1.07847 1.07847 1.07847 1.07847 1.07847 1.07847 1.07847 1.07847 1.07847 1.07847 1.07847 1.07847 1.07847 1.65432 1.65432 1.65432 1.65432 1.65432 1.65432 1.65432 1.65432 1.65432 1.65432 1.65432 1.65432 1.65432
 1.02587 1.02587 1.02587 1.02587 1.02587 1.02587 1.02587 1.02587 1.02587 1.02587 1.02587 1.02587 1.02587 1.02587 1.02587 1.02587 1.02587 1.02587 1.02587 1.02587 1.02587 1.02587 1.02587 1.02587 1.02587 1.02587 1.60977 1.60977 1.60977 1.60977 1.60977 1.60977 1.60977 1.60977 1.60977 1.60977 1.60977 1.60977 1.60977 1.60977
 0.975835 0.975835 0.975835 0.975835 0.975835 0.975835 0.975835 0.975835 0.975835 0.975835 0.975835 0.975835 0.975835 0.975835 0.975835 0.975835 0.975835 0.975835 0.975835 0.975835 0.975835 0.975835 0.975835 0.975835 0.975835 1.56738 1.56738 1.56738 1.56738 1.56738 1.56738 1.56738 1.56738 1.56738 1.56738 1.56738 1.56738 1.56738 1.56738 1.56738
 0.92824 0.92824 0.92824 0.92824 0.92824 0.92824 0.92824 0.92824 0.92824 0.92824 0.92824 0.92824 0.92824 0.92824 0.92824 0.92824 0.92824 0.92824 0.92824 0.92824 0.928994 0.930683 0.932392 0.934122 1.52707 1.52707 1.52707 1.52707 1.52707 1.52707 1.52707 1.52707 1.52707 1.52707 1.52707 1.52707 1.52707 1.52707 1.52707 1.52707
 0.882966 0.882966 0.882966 0.882966 0.882966 0.882966 0.882966 0.882966 0.882966 0.882966 0.882966 0.882966 0.882966 0.882966 0.882966 0.883683 0.88529 0.886916 0.888561 0.890226 0.89191 0.893614 0.895338 0.897083 1.48872 1.48872 1.48872 1.48872 1.48872 1.48872 1.48872 1.48872 1.48872 1.48872 1.48872 1.48872 1.48872 1.48872 1.48872 1.48872
 0.8399 0.8399 0.8399 0.8399 0.8399 0.8399 0.8399 0.8399 0.8399 0.8399 0.840582 0.842111 0.843657 0.845222 0.846806 0.848408 0.850029 0.851669 0.853329 0.855008 0.856708 0.858427 0.860167 1.45224 1.45224 1.45224 1.45224 1.45224 1.45224 1.45224 1.45224 1.45224 1.45224 1.45224 1.45224 1.45224 1.45224 1.45224 1.45224 1.45224
 0.798935 0.798935 0.798935 0.798935 0.798935 0.799584 0.801038 0.802509 0.803997 0.805504 0.807028 0.80857 0.81013 0.811709 0.813306 0.814922 0.816558 0.818213 0.819887 0.821581 0.823296 0.82503 1.41754 1.41754 1.41754 1.41754 1.41754 1.41754 1.41754 1.41754 1.41754 1.41754 1.41754 1.41754 1.41754 1.41754 1.41754 1.41754 1.41754 1.41754
 0.760241 0.760241 0.760241 0.760241 0.760241 0.760241 0.760241 0.760241 0.760241 0.760241 0.760241 0.760241 0.760241 0.760241 0.760241 0.760241 0.760241 0.760241 0.760241 0.760241 0.760241 1.38453 1.38453 1.38453 1.38453 1.38453 1.38453 1.38453 1.38453 1.38453 1.38453 1.38453 1.38453 1.38453 1.38453 1.38453 1.38453 1.38453 1.38453 1.38453
 0.729877 0.729877 0.729877 0.729877 0.729877 0.729877 0.729877 0.729877 0.729877 0.729877 0.729877 0.729877 0.729877 0.729877 0.729877 0.729877 0.729877 0.729877 0.729877 0.729877 0.729877 1.35314 1.35314 1.35314 1.35314 1.35314 1.35314 1.35314 1.35314 1.35314 1.35314 1.35314 1.35314 1.35314 1.35314 1.35314 1.35314 1.35314 1.35314 1.35314
 0.701052 0.701052 0.701052 0.701052 0.701052 0.701052 0.701052 0.701052 0.701052 0.701052 0.701052 0.701052 0.701052 0.701052 0.701052 0.701052 0.701052 0.701052 0.701052 0.701052 1.32327 1.32327 1.32327 1.32327 1.32327 1.32327 1.32327 1.32327 1.32327 1.32327 1.32327 1.32327 1.32327 1.32327 1.32327 1.32327 1.32327 1.32327 1.32327 1.32327
 0.673694 0.673694 0.673694 0.673694 0.673694 0.673694 0.673694 0.673694 0.673694 0.673694 0.673694 0.673694 0.673694 0.673694 0.673694 0.673694 0.673694 0.673694 0.673694 1.29486 1.29486 1.29486 1.29486 1.29486 1.29486 1.29486 1.29486 1.29486 1.29486 1.29486 1.29486 1.29486 1.29486 1.29486 1.29486 1.29486 1.29486 1.29486 1.29486 1.29486
 0.64773 0.64773 0.64773 0.64773 0.64773 0.64773 0.64773 0.64773 0.64773 0.64773 0.64773 0.64773 0.64773 0.64773 0.64773 0.64773 0.64773 0.64773 1.26784 1.26784 1.26784 1.26784 1.26784 1.26784 1.26784 1.26784 1.26784 1.26784 1.26784 1.26784 1.26784 1.26784 1.26784 1.26784 1.26784 1.26784 1.26784 1.26784 1.26784 1.26784
 0.623309 0.624753 0.626214 0.627692 0.629187 0.630701 0.632232 0.633781 0.635349 0.636935 0.63854 0.640164 0.641807 0.64347 0.645152 0.646854 0.648577 0.65032 1.24213 1.24213 1.24213 1.24213 1.24213 1.24213 1.24213 1.24213 1.24213 1.24213 1.24213 1.24213 1.24213 1.24213 1.24213 1.24213 1.24213 1.24213 1.24213 1.24213 1.24213 1.24213
 0.563599 0.566113 0.599216 0.600664 0.602129 0.603612 0.605112 0.60663 0.608165 0.609719 0.611291 0.612882 0.614492 0.616121 0.617769 0.619436 0.621124 0.622831 0.624558 0.626306 1.21768 1.21768 1.21768 1.21768 1.21768 1.21768 1.21768 1.21768 1.21768 1.21768 1.21768 1.21768 1.21768 1.21768 1.21768 1.21768 1.21768 1.21768 1.21768 1.21768
 0.536109 0.538501 0.540961 0.543493 0.576317 0.577769 0.579239 0.580725 0.58223 0.583752 0.585292 0.586851 0.588428 0.590023 0.591638 0.593271 0.594924 0.596597 0.598289 0.600001 0.601734 1.19442 1.19442 1.19442 1.19442 1.19442 1.19442 1.19442 1.19442 1.19442 1.19442 1.19442 1.19442 1.19442 1.19442 1.19442 1.19442 1.19442 1.19442 1.19442
 0.50996 0.512235 0.514575 0.516984 0.519462 0.522012 0.554553 0.55601 0.557483 0.558975 0.560483 0.56201 0.563555 0.565118 0.566699 0.5683 0.569919 0.571557 0.573215 0.574892 0.57659 0.578307 0.580045 1.17229 1.17229 1.17229 1.17229 1.17229 1.17229 1.17229 1.17229 1.17229 1.17229 1.17229 1.17229 1.17229 1.17229 1.17229 1.17229 1.17229
 0.485086 0.48725 0.489476 0.491767 0.494125 0.49655 0.499047 0.532426 0.533869 0.53533 0.536808 0.538304 0.539817 0.541348 0.542898 0.544465 0.546051 0.547656 0.54928 0.550924 0.552586 0.554269 0.555971 0.557693 0.559436 1.15125 1.15125 1.15125 1.15125 1.15125 1.15125 1.15125 1.15125 1.15125 1.15125 1.15125 1.15125 1.15125 1.15125 1.15125
 0.461425 0.463483 0.465601 0.46778 0.470023 0.47233 0.474705 0.477148 0.479662 0.512765 0.514213 0.515678 0.517161 0.518661 0.520178 0.521714 0.523268 0.52484 0.526431 0.528041 0.52967 0.531318 0.532985 0.534672 0.53638 0.538107 0.539855 1.13123 1.13123 1.13123 1.13123 1.13123 1.13123 1.13123 1.13123 1.13123 1.13123 1.13123 1.13123 1.13123
 0.438918 0.440876 0.44289 0.444964 0.447097 0.449292 0.45155 0.453874 0.456266 0.458726 0.461258 0.494082 0.495534 0.497004 0.49849 0.499995 0.501517 0.503057 0.504616 0.506193 0.507788 0.509403 0.511036 0.512689 0.514362 0.516054 0.517766 0.519499 1.11218 1.11218 1.11218 1.11218 1.11218 1.11218 1.11218 1.11218 1.11218 1.11218 1.11218 1.11218
 0.417509 0.419371 0.421287 0.423259 0.425288 0.427376 0.429525 0.431735 0.43401 0.436351 0.438759 0.441238 0.443788 0.476329 0.477785 0.479259 0.48075 0.482259 0.483786 0.48533 0.486894 0.488475 0.490075 0.491695 0.493333 0.494991 0.496668 0.498365 0.500083 0.50182 1.09407 1.09407 1.09407 1.09407 1.09407 1.09407 1.09407 1.09407 1.09407 1.09407
 0.397144 0.398915 0.400738 0.402614 0.404544 0.40653 0.408574 0.410676 0.41284 0.415067 0.417358 0.419715 0.422141 0.424637 0.458016 0.45946 0.460921 0.462399 0.463894 0.465408 0.466939 0.468488 0.470056 0.471642 0.473247 0.474871 0.476514 0.478177 0.479859 0.481561 0.483284 0.485027 1.07684 1.07684 1.07684 1.07684 1.07684 1.07684 1.07684 1.07684
 0.377772 0.379457 0.381191 0.382975 0.384811 0.3867 0.388644 0.390645 0.392703 0.394821 0.397 0.399243 0.40155 0.403924 0.406368 0.408882 0.441985 0.443433 0.444898 0.44638 0.44788 0.449398 0.450934 0.452488 0.45406 0.455651 0.45726 0.458889 0.460537 0.462205 0.463892 0.465599 0.467327 0.469075 1.06045 1.06045 1.06045 1.06045 1.06045 1.06045
 0.359345 0.360947 0.362597 0.364294 0.366041 0.367838 0.369687 0.37159 0.373548 0.375562 0.377635 0.379768 0.381963 0.384222 0.386546 0.388937 0.391398 0.39393 0.426754 0.428206 0.429675 0.431162 0.432667 0.434189 0.435729 0.437287 0.438864 0.44046 0.442074 0.443708 0.445361 0.447033 0.448725 0.450438 0.45217 1.04486 1.04486 1.04486 1.04486 1.04486
 0.341816 0.343341 0.34491 0.346524 0.348186 0.349895 0.351654 0.353464 0.355326 0.357243 0.359215 0.361244 0.363332 0.36548 0.367691 0.369966 0.372306 0.374715 0.377193 0.379743 0.412284 0.413741 0.415214 0.416705 0.418214 0.419741 0.421286 0.422849 0.42443 0.426031 0.42765 0.429288 0.430946 0.432623 0.434321 0.436038 0.437775 1.03002 1.03002 1.03002
 0.325143 0.326593 0.328085 0.329621 0.331201 0.332827 0.334501 0.336222 0.337994 0.339817 0.341693 0.343623 0.345609 0.347652 0.349755 0.351919 0.354146 0.356437 0.358794 0.36122 0.363716 0.397095 0.398539 0.4 0.401478 0.402973 0.404487 0.406018 0.407567 0.409135 0.410721 0.412326 0.41395 0.415593 0.417256 0.418938 0.42064 0.422363 0.424105 1.01592
 0.309282 0.310662 0.312082 0.313542 0.315046 0.316592 0.318184 0.319822 0.321507 0.323241 0.325025 0.326861 0.32875 0.330694 0.332695 0.334753 0.336871 0.33905 0.341293 0.3436 0.345974 0.348418 0.350932 0.384035 0.385483 0.386948 0.38843 0.38993 0.391448 0.392984 0.394538 0.39611 0.397701 0.39931 0.400939 0.402587 0.404255 0.405942 0.407649 0.409377
 0.294195 0.295508 0.296858 0.298248 0.299678 0.301149 0.302663 0.304221 0.305824 0.307473 0.30917 0.310917 0.312714 0.314563 0.316466 0.318424 0.320438 0.322511 0.324645 0.326839 0.329098 0.331422 0.333813 0.336274 0.338806 0.37163 0.373082 0.374552 0.376038 0.377543 0.379065 0.380605 0.382164 0.383741 0.385336 0.386951 0.388584 0.390237 0.391909 0.393602
 0.279844 0.281093 0.282377 0.283699 0.285059 0.286459 0.287899 0.289381 0.290906 0.292475 0.294089 0.29575 0.29746 0.299219 0.301029 0.302891 0.304807 0.306779 0.308808 0.310896 0.313045 0.315255 0.31753 0.319871 0.322279 0.324758 0.327308 0.359849 0.361305 0.362779 0.36427 0.365779 0.367306 0.36885 0.370413 0.371995 0.373595 0.375214 0.376853 0.378511
 0.266193 0.267381 0.268603 0.26986 0.271154 0.272485 0.273855 0.275264 0.276715 0.278207 0.279743 0.281323 0.282949 0.284623 0.286344 0.288116 0.289939 0.291815 0.293745 0.295731 0.297774 0.299877 0.302041 0.304268 0.306559 0.308916 0.311342 0.313838 0.347217 0.348661 0.350122 0.3516 0.353095 0.354608 0.35614 0.357689 0.359257 0.360843 0.362448 0.364072
 0.259009 0.260139 0.261301 0.262497 0.263728 0.264994 0.266297 0.267638 0.269018 0.270437 0.271898 0.273401 0.274948 0.27654 0.278178 0.279863 0.281597 0.283381 0.285217 0.287106 0.28905 0.29105 0.293109 0.295227 0.297406 0.299648 0.301956 0.30433 0.306773 0.309287 0.342391 0.343839 0.345304 0.346786 0.348286 0.349804 0.35134 0.352893 0.354466 0.356057
 0.257791 0.258868 0.259977 0.261118 0.262292 0.2635 0.264743 0.266022 0.267339 0.268693 0.270086 0.27152 0.272996 0.274514 0.276076 0.277684 0.279338 0.28104 0.282792 0.284594 0.286448 0.288357 0.29032 0.292341 0.294419 0.296559 0.29876 0.301025 0.303356 0.305754 0.308222 0.310761 0.343472 0.344926 0.346397 0.347885 0.349392 0.350916 0.352458 0.354018
 0.259144 0.260245 0.261378 0.262544 0.263743 0.264977 0.266247 0.267554 0.268899 0.270283 0.271706 0.273171 0.274679 0.27623 0.277826 0.279468 0.281158 0.282897 0.284687 0.286528 0.288423 0.290372 0.292378 0.294442 0.296566 0.298752 0.301001 0.303315 0.305696 0.308146 0.310667 0.343659 0.345109 0.346576 0.34806 0.349562 0.351081 0.352619 0.354174 0.947744
 0.260489 0.261613 0.262771 0.263962 0.265187 0.266448 0.267746 0.269081 0.270454 0.271868 0.273323 0.274819 0.27636 0.277944 0.279575 0.281253 0.28298 0.284756 0.286584 0.288465 0.290401 0.292393 0.294442 0.296551 0.298721 0.300954 0.303252 0.305616 0.308049 0.310552 0.343821 0.345266 0.346729 0.348209 0.349706 0.351221 0.352754 0.354305 0.355875 0.948266
 0.261825 0.262974 0.264157 0.265373 0.266625 0.267914 0.269239 0.270603 0.272007 0.273451 0.274937 0.276466 0.27804 0.279659 0.281325 0.283039 0.284803 0.286619 0.288486 0.290408 0.292386 0.294421 0.296514 0.298669 0.300886 0.303167 0.305515 0.30793 0.310415 0.343958 0.3454 0.346858 0.348333 0.349826 0.351337 0.352865 0.354412 0.355977 0.948762 0.948762
 0.263156 0.26433 0.265538 0.266781 0.26806 0.269376 0.270731 0.272124 0.273558 0.275034 0.276552 0.278114 0.279722 0.281376 0.283078 0.28483 0.286632 0.288486 0.290394 0.292358 0.294378 0.296457 0.298596 0.300798 0.303063 0.305393 0.307792 0.310259 0.312799 0.34551 0.346963 0.348435 0.349923 0.351429 0.352953 0.354495 0.356056 0.949234 0.949234 0.949234
 0.264482 0.265682 0.266916 0.268186 0.269493 0.270837 0.272221 0.273645 0.27511 0.276617 0.278168 0.279764 0.281407 0.283097 0.284836 0.286625 0.288466 0.290361 0.292311 0.294317 0.296381 0.298505 0.30069 0.302939 0.305253 0.307634 0.310085 0.312606 0.345598 0.347047 0.348514 0.349998 0.3515 0.35302 0.354557 0.356113 0.949683 0.949683 0.949683 0.949683
 0.265805 0.267031 0.268292 0.269589 0.270924 0.272298 0.273712 0.275166 0.276663 0.278203 0.279788 0.281419 0.283097 0.284823 0.2866 0.288428 0.290309 0.292245 0.294237 0.296286 0.298395 0.300565 0.302798 0.305096 0.30746 0.309893 0.312396 0.345665 0.34711 0.348573 0.350053 0.35155 0.353065 0.354598 0.356149 0.357719 0.95011 0.95011 0.95011 0.95011
 0.267127 0.268379 0.269668 0.270993 0.272357 0.273761 0.275205 0.276691 0.27822 0.279794 0.281413 0.283079 0.284793 0.286557 0.288372 0.29024 0.292162 0.29414 0.296174 0.298268 0.300423 0.30264 0.304921 0.307269 0.309684 0.312169 0.345712 0.347153 0.348612 0.350087 0.35158 0.353091 0.354619 0.356166 0.357731 0.950516 0.950516 0.950516 0.950516 0.950516
 0.268449 0.269728 0.271045 0.272399 0.273793 0.275227 0.276702 0.27822 0.279783 0.28139 0.283044 0.284746 0.286498 0.2883 0.290155 0.292063 0.294026 0.296047 0.298126 0.300265 0.302466 0.304731 0.307062 0.30946 0.311928 0.314467 0.347178 0.348632 0.350103 0.351592 0.353098 0.354622 0.356164 0.357724 0.950902 0.950902 0.950902 0.950902 0.950902 0.950902
 0.269773 0.27108 0.272424 0.273808 0.275232 0.276697 0.278204 0.279755 0.281351 0.282994 0.284684 0.286423 0.288212 0.290053 0.291948 0.293898 0.295904 0.297968 0.300092 0.302277 0.304526 0.30684 0.309221 0.311672 0.314193 0.347185 0.348634 0.350101 0.351585 0.353087 0.354607 0.356144 0.3577 0.95127 0.95127 0.95127 0.95127 0.95127 0.95127 0.95127
 0.267643 0.267643 0.267643 0.267643 0.267643 0.267643 0.267643 0.267643 0.267643 0.267643 0.267643 0.267643 0.267643 0.267643 0.267643 0.267643 0.294668 0.296777 0.298947 0.30118 0.303477 0.305842 0.308274 0.310777 0.344047 0.345492 0.346954 0.348434 0.349932 0.351447 0.35298 0.354531 0.3561 0.948492 0.948492 0.948492 0.948492 0.948492 0.948492 0.948492
 0.264725 0.264725 0.264725 0.264725 0.264725 0.264725 0.264725 0.264725 0.264725 0.264725 0.264725 0.264725 0.264725 0.264725 0.264725 0.290241 0.292335 0.294489 0.296706 0.298988 0.301335 0.30375 0.306236 0.339779 0.34122 0.342678 0.344154 0.345647 0.347157 0.348686 0.350232 0.351797 0.944582 0.944582 0.944582 0.944582 0.944582 0.944582 0.944582 0.944582
 0.298642 0.298642 0.298642 0.298642 0.298642 0.298642 0.298642 0.298642 0.298642 0.298642 0.298642 0.298642 0.298642 0.298642 0.298642 0.324711 0.32685 0.329051 0.331316 0.333647 0.336045 0.338513 0.341052 0.373763 0.375217 0.376688 0.378177 0.379683 0.381207 0.382749 0.384309 0.977488 0.977488 0.977488 0.977488 0.977488 0.977488 0.977488 0.977488 0.977488
 0.290583 0.290583 0.290583 0.290583 0.290583 0.290583 0.290583 0.290583 0.290583 0.290583 0.290583 0.290583 0.290583 0.290583 0.315092 0.317216 0.319402 0.321651 0.323965 0.326346 0.328796 0.331317 0.364309 0.365759 0.367225 0.36871 0.370211 0.371731 0.373268 0.374824 0.968394 0.968394 0.968394 0.968394 0.968394 0.968394 0.968394 0.968394 0.968394 0.968394
 0.280785 0.28224 0.283737 0.285277 0.286862 0.288492 0.29017 0.291897 0.293674 0.295502 0.297383 0.299318 0.30131 0.30336 0.305469 0.307639 0.309871 0.312169 0.314533 0.316966 0.319469 0.352738 0.354184 0.355646 0.357126 0.358623 0.360139 0.361672 0.363223 0.364792 0.957183 0.957183 0.957183 0.957183 0.957183 0.957183 0.957183 0.957183 0.957183 0.957183
 0.270172 0.271658 0.273187 0.27476 0.27638 0.278046 0.27976 0.281524 0.283339 0.285207 0.287129 0.289106 0.291141 0.293235 0.295389 0.297606 0.299888 0.302235 0.304651 0.307136 0.340679 0.34212 0.343578 0.345054 0.346547 0.348057 0.349586 0.351132 0.352697 0.945483 0.945483 0.945483 0.945483 0.945483 0.945483 0.945483 0.945483 0.945483 0.945483 0.945483
 0.260152 0.26167 0.263233 0.26484 0.266494 0.268197 0.269948 0.27175 0.273605 0.275513 0.277476 0.279497 0.281576 0.283715 0.285916 0.288181 0.290512 0.29291 0.295378 0.297917 0.330628 0.332082 0.333553 0.335042 0.336548 0.338072 0.339614 0.341174 0.934352 0.934352 0.934352 0.934352 0.934352 0.934352 0.934352 0.934352 0.934352 0.934352 0.934352 0.934352
 0.250699 0.252251 0.253847 0.255489 0.257179 0.258918 0.260707 0.262549 0.264443 0.266393 0.268399 0.270463 0.272587 0.274773 0.277021 0.279336 0.281717 0.284167 0.286688 0.31968 0.32113 0.322596 0.324081 0.325582 0.327102 0.328639 0.330195 0.923765 0.923765 0.923765 0.923765 0.923765 0.923765 0.923765 0.923765 0.923765 0.923765 0.923765 0.923765 0.923765
 0.241788 0.243372 0.245003 0.246681 0.248408 0.250184 0.252012 0.253894 0.255829 0.257821 0.25987 0.261979 0.264149 0.266382 0.26868 0.271044 0.273477 0.27598 0.309249 0.310695 0.312157 0.313637 0.315134 0.316649 0.318182 0.319733 0.321303 0.913694 0.913694 0.913694 0.913694 0.913694 0.913694 0.913694 0.913694 0.913694 0.913694 0.913694 0.913694 0.913694
 0.232995 0.232995 0.232995 0.232995 0.232995 0.232995 0.232995 0.232995 0.232995 0.249773 0.251867 0.254021 0.256238 0.25852 0.260867 0.263282 0.265768 0.299311 0.300752 0.30221 0.303686 0.305178 0.306689 0.308218 0.309764 0.311329 0.904114 0.904114 0.904114 0.904114 0.904114 0.904114 0.904114 0.904114 0.904114 0.904114 0.904114 0.904114 0.904114 0.904114
 0.225083 0.225083 0.225083 0.225083 0.225083 0.225083 0.225083 0.225083 0.225083 0.242225 0.244364 0.246565 0.24883 0.251161 0.253559 0.256027 0.258566 0.291277 0.292731 0.294202 0.295691 0.297197 0.298721 0.300263 0.301824 0.895002 0.895002 0.895002 0.895002 0.895002 0.895002 0.895002 0.895002 0.895002 0.895002 0.895002 0.895002 0.895002 0.895002 0.895002
 0.217643 0.217643 0.217643 0.217643 0.217643 0.217643 0.217643 0.217643 0.233032 0.235156 0.237341 0.23959 0.241904 0.244285 0.246735 0.249257 0.282248 0.283698 0.285165 0.286649 0.288151 0.28967 0.291208 0.292764 0.886334 0.886334 0.886334 0.886334 0.886334 0.886334 0.886334 0.886334 0.886334 0.886334 0.886334 0.886334 0.886334 0.886334 0.886334 0.886334
 0.210651 0.210651 0.210651 0.210651 0.210651 0.210651 0.210651 0.224265 0.226373 0.228543 0.230776 0.233074 0.235438 0.237871 0.240374 0.273643 0.275089 0.276551 0.278031 0.279528 0.281043 0.282576 0.284128 0.285697 0.878088 0.878088 0.878088 0.878088 0.878088 0.878088 0.878088 0.878088 0.878088 0.878088 0.878088 0.878088 0.878088 0.878088 0.878088 0.878088
 0.204089 0.204089 0.204089 0.204089 0.204089 0.204089 0.215903 0.217997 0.220152 0.222369 0.22465 0.226997 0.229413 0.231898 0.265441 0.266882 0.268341 0.269816 0.271309 0.27282 0.274348 0.275895 0.27746 0.870245 0.870245 0.870245 0.870245 0.870245 0.870245 0.870245 0.870245 0.870245 0.870245 0.870245 0.870245 0.870245 0.870245 0.870245 0.870245 0.870245
 0.197937 0.197937 0.197937 0.197937 0.197937 0.197937 0.210007 0.212147 0.214348 0.216613 0.218944 0.221342 0.22381 0.226349 0.25906 0.260514 0.261985 0.263473 0.26498 0.266504 0.268046 0.269606 0.862784 0.862784 0.862784 0.862784 0.862784 0.862784 0.862784 0.862784 0.862784 0.862784 0.862784 0.862784 0.862784 0.862784 0.862784 0.862784 0.862784 0.862784
 0.192177 0.192177 0.192177 0.192177 0.192177 0.202385 0.204509 0.206695 0.208944 0.211258 0.213639 0.216089 0.21861 0.251602 0.253052 0.254519 0.256003 0.257504 0.259024 0.260562 0.262117 0.855687 0.855687 0.855687 0.855687 0.855687 0.855687 0.855687 0.855687 0.855687 0.855687 0.855687 0.855687 0.855687 0.855687 0.855687 0.855687 0.855687 0.855687 0.855687
 0.186793 0.186793 0.186793 0.186793 0.195113 0.197222 0.199392 0.201625 0.203922 0.206286 0.208719 0.211222 0.244491 0.245937 0.247399 0.248879 0.250377 0.251892 0.253425 0.254976 0.256545 0.848936 0.848936 0.848936 0.848936 0.848936 0.848936 0.848936 0.848936 0.848936 0.848936 0.848936 0.848936 0.848936 0.848936 0.848936 0.848936 0.848936 0.848936 0.848936
 0.183131 0.183131 0.183131 0.189538 0.191632 0.193786 0.196003 0.198284 0.200632 0.203047 0.205533 0.239075 0.240517 0.241975 0.24345 0.244943 0.246454 0.247982 0.249529 0.251094 0.843879 0.843879 0.843879 0.843879 0.843879 0.843879 0.843879 0.843879 0.843879 0.843879 0.843879 0.843879 0.843879 0.843879 0.843879 0.843879 0.843879 0.843879 0.843879 0.843879
 0.18198 0.18198 0.18198 0.188525 0.190664 0.192866 0.195131 0.197461 0.19986 0.202327 0.204867 0.237577 0.239031 0.240503 0.241991 0.243497 0.245021 0.246563 0.248124 0.841302 0.841302 0.841302 0.841302 0.841302 0.841302 0.841302 0.841302 0.841302 0.841302 0.841302 0.841302 0.841302 0.841302 0.841302 0.841302 0.841302 0.841302 0.841302 0.841302 0.841302
 0.180985 0.180985 0.185548 0.187672 0.189858 0.192107 0.194421 0.196802 0.199252 0.201773 0.234765 0.236215 0.237682 0.239166 0.240668 0.242187 0.243725 0.24528 0.83885 0.83885 0.83885 0.83885 0.83885 0.83885 0.83885 0.83885 0.83885 0.83885 0.83885 0.83885 0.83885 0.83885 0.83885 0.83885 0.83885 0.83885 0.83885 0.83885 0.83885 0.83885
 0.180443 0.182487 0.18459 0.186754 0.18898 0.191271 0.193629 0.196055 0.198551 0.23193 0.233373 0.234834 0.236312 0.237808 0.239321 0.240852 0.242402 0.243969 0.836518 0.836518 0.836518 0.836518 0.836518 0.836518 0.836518 0.836518 0.836518 0.836518 0.836518 0.836518 0.836518 0.836518 0.836518 0.836518 0.836518 0.836518 0.836518 0.836518 0.836518 0.836518
 0.0510728 0.0513009 0.178731 0.180789 0.182907 0.185086 0.187329 0.189636 0.192011 0.194454 0.196968 0.230071 0.231519 0.232984 0.234466 0.235966 0.237484 0.23902 0.240574 0.242146 0.8343 0.8343 0.8343 0.8343 0.8343 0.8343 0.8343 0.8343 0.8343 0.8343 0.8343 0.8343 0.8343 0.8343 0.8343 0.8343 0.8343 0.8343 0.8343 0.8343
 0.048579 0.0487959 0.0490192 0.0492489 0.17713 0.179203 0.181336 0.183531 0.185789 0.188113 0.190505 0.192965 0.195497 0.228321 0.229773 0.231243 0.23273 0.234234 0.235756 0.237296 0.238855 0.83219 0.83219 0.83219 0.83219 0.83219 0.83219 0.83219 0.83219 0.83219 0.83219 0.83219 0.83219 0.83219 0.83219 0.83219 0.83219 0.83219 0.83219 0.83219
 0.0462068 0.0464131 0.0466255 0.046844 0.0470688 0.0473002 0.175635 0.177723 0.179872 0.182082 0.184357 0.186698 0.189106 0.191584 0.194135 0.226675 0.228132 0.229606 0.231097 0.232606 0.234132 0.235677 0.23724 0.830183 0.830183 0.830183 0.830183 0.830183 0.830183 0.830183 0.830183 0.830183 0.830183 0.830183 0.830183 0.830183 0.830183 0.830183 0.830183 0.830183
 0.0439503 0.0441466 0.0443485 0.0445564 0.0447703 0.0449903 0.0452168 0.172199 0.174242 0.176345 0.178509 0.180736 0.183027 0.185384 0.18781 0.190306 0.223685 0.225129 0.226589 0.228068 0.229563 0.231076 0.232608 0.234157 0.235725 0.828274 0.828274 0.828274 0.828274 0.828274 0.828274 0.828274 0.828274 0.828274 0.828274 0.828274 0.828274 0.828274 0.828274 0.828274
 0.0418038 0.0419905 0.0421827 0.0423804 0.0425838 0.0427931 0.0430085 0.0432302 0.0434582 0.170888 0.172946 0.175064 0.177244 0.179486 0.181793 0.184168 0.186611 0.189125 0.222228 0.223676 0.225141 0.226624 0.228124 0.229641 0.231177 0.232731 0.234303 0.826457 0.826457 0.826457 0.826457 0.826457 0.826457 0.826457 0.826457 0.826457 0.826457 0.826457 0.826457 0.826457
 0.039762 0.0399396 0.0401224 0.0403105 0.040504 0.0407031 0.040908 0.0411188 0.0413358 0.041559 0.0417887 0.169669 0.171743 0.173876 0.176071 0.178329 0.180653 0.183045 0.185505 0.188037 0.220861 0.222313 0.223783 0.225269 0.226774 0.228296 0.229836 0.231395 0.82473 0.82473 0.82473 0.82473 0.82473 0.82473 0.82473 0.82473 0.82473 0.82473 0.82473 0.82473
 0.0378198 0.0379888 0.0381626 0.0383415 0.0385256 0.038715 0.0389099 0.0391104 0.0393168 0.0395291 0.0397476 0.0399725 0.0402038 0.168539 0.170627 0.172775 0.174986 0.177261 0.179601 0.18201 0.184488 0.187038 0.219579 0.221036 0.222509 0.224001 0.225509 0.227036 0.228581 0.230144 0.823086 0.823086 0.823086 0.823086 0.823086 0.823086 0.823086 0.823086 0.823086 0.823086
 0.0359723 0.036133 0.0362984 0.0364686 0.0366437 0.0368238 0.0370092 0.0372 0.0373963 0.0375983 0.0378061 0.03802 0.0382401 0.0384665 0.165448 0.167492 0.169595 0.171759 0.173985 0.176276 0.178634 0.18106 0.183556 0.216935 0.218378 0.219839 0.221317 0.222813 0.224326 0.225857 0.227407 0.228974 0.821523 0.821523 0.821523 0.821523 0.821523 0.821523 0.821523 0.821523
 0.0342149 0.0343678 0.0345251 0.034687 0.0348536 0.0350249 0.0352013 0.0353828 0.0355695 0.0357616 0.0359593 0.0361627 0.0363721 0.0365875 0.0368091 0.0370372 0.164467 0.166525 0.168643 0.170822 0.173065 0.175372 0.177747 0.18019 0.182704 0.215807 0.217255 0.21872 0.220203 0.221703 0.22322 0.224756 0.22631 0.227882 0.820036 0.820036 0.820036 0.820036 0.820036 0.820036
 0.0325433 0.0326887 0.0328383 0.0329923 0.0331507 0.0333138 0.0334815 0.0336541 0.0338317 0.0340145 0.0342026 0.0343961 0.0345952 0.0348001 0.0350109 0.0352279 0.0354511 0.0356808 0.163562 0.165635 0.167768 0.169963 0.172221 0.174545 0.176937 0.179397 0.181929 0.214753 0.216205 0.217675 0.219162 0.220666 0.222188 0.223728 0.225287 0.818622 0.818622 0.818622 0.818622 0.818622
 0.0309531 0.0310915 0.0312338 0.0313803 0.031531 0.031686 0.0318456 0.0320098 0.0321788 0.0323526 0.0325315 0.0327156 0.032905 0.0330999 0.0333004 0.0335068 0.0337191 0.0339376 0.0341625 0.0343938 0.162729 0.164817 0.166965 0.169176 0.171451 0.173791 0.1762 0.178678 0.181228 0.213769 0.215226 0.216699 0.218191 0.219699 0.221226 0.222771 0.224334 0.817276 0.817276 0.817276
 0.0294405 0.0295721 0.0297075 0.0298468 0.0299902 0.0301377 0.0302895 0.0304457 0.0306064 0.0307718 0.0309419 0.031117 0.0312972 0.0314826 0.0316734 0.0318697 0.0320716 0.0322795 0.0324933 0.0327134 0.0329398 0.159922 0.161965 0.164068 0.166232 0.168459 0.17075 0.173107 0.175533 0.178029 0.211408 0.212852 0.214313 0.215791 0.217286 0.2188 0.220331 0.22188 0.223448 0.815997
 0.0280017 0.0281269 0.0282557 0.0283882 0.0285246 0.0286649 0.0288093 0.0289578 0.0291107 0.029268 0.0294299 0.0295964 0.0297678 0.0299442 0.0301256 0.0303124 0.0305045 0.0307022 0.0309056 0.031115 0.0313304 0.031552 0.0317801 0.15921 0.161268 0.163386 0.165565 0.167808 0.170115 0.17249 0.174933 0.177447 0.21055 0.211998 0.213463 0.214946 0.216446 0.217963 0.219499 0.221053
 0.0266331 0.0267521 0.0268746 0.0270007 0.0271304 0.0272639 0.0274012 0.0275426 0.027688 0.0278376 0.0279916 0.02815 0.028313 0.0284808 0.0286534 0.028831 0.0290138 0.0292019 0.0293954 0.0295945 0.0297994 0.0300102 0.0302271 0.0304504 0.0306801 0.158561 0.160634 0.162767 0.164962 0.167221 0.169545 0.171936 0.174397 0.176929 0.209752 0.211205 0.212674 0.214161 0.215665 0.217187
 0.0253312 0.0254444 0.025561 0.0256809 0.0258043 0.0259312 0.0260619 0.0261963 0.0263346 0.026477 0.0266234 0.0267741 0.0269292 0.0270888 0.027253 0.0274219 0.0275958 0.0277747 0.0279587 0.0281482 0.0283431 0.0285436 0.02875 0.0289623 0.0291808 0.0294056 0.029637 0.157972 0.16006 0.162208 0.164419 0.166694 0.169034 0.171443 0.173921 0.176471 0.209012 0.210469 0.211943 0.213434
 0.0240928 0.0242005 0.0243113 0.0244254 0.0245428 0.0246636 0.0247878 0.0249157 0.0250473 0.0251827 0.025322 0.0254654 0.0256129 0.0257647 0.0259208 0.0260816 0.0262469 0.0264171 0.0265922 0.0267724 0.0269578 0.0271485 0.0273448 0.0275468 0.0277546 0.0279685 0.0281886 0.028415 0.155397 0.157441 0.159543 0.161707 0.163934 0.166225 0.168582 0.171008 0.173504 0.206883 0.208327 0.209788
 0.0229148 0.0230172 0.0231227 0.0232312 0.0233428 0.0234577 0.0235759 0.0236976 0.0238227 0.0239515 0.024084 0.0242204 0.0243607 0.0245051 0.0246537 0.0248066 0.0249639 0.0251257 0.0252923 0.0254637 0.02564 0.0258215 0.0260082 0.0262003 0.026398 0.0266015 0.0268108 0.0270262 0.0272478 0.0274759 0.154906 0.156964 0.159082 0.161261 0.163504 0.165811 0.168186 0.170629 0.173143 0.206246
 0.0218038 0.0219016 0.0220022 0.0221057 0.0222122 0.0223218 0.0224345 0.0225506 0.02267 0.0227928 0.0229193 0.0230494 0.0231832 0.0233209 0.0234627 0.0236085 0.0237586 0.023913 0.0240719 0.0242354 0.0244036 0.0245767 0.0247548 0.0249381 0.0251267 0.0253208 0.0255205 0.0257259 0.0259374 0.0261549 0.0263788 0.0266092 0.154671 0.15675 0.158889 0.161091 0.163356 0.165686 0.168085 0.170552
 0.020975 0.0210749 0.0211776 0.0212834 0.0213922 0.0215042 0.0216194 0.0217379 0.0218599 0.0219854 0.0221146 0.0222475 0.0223843 0.022525 0.0226698 0.0228188 0.0229721 0.0231298 0.0232922 0.0234592 0.0236311 0.0238079 0.0239899 0.0241772 0.0243699 0.0245681 0.0247721 0.0249821 0.0251981 0.0254204 0.0256491 0.153259 0.155323 0.157447 0.159633 0.161881 0.164196 0.166577 0.169027 0.808625
 0.0201917 0.0202938 0.0203988 0.0205068 0.020618 0.0207324 0.0208501 0.0209712 0.0210958 0.0212241 0.021356 0.0214918 0.0216315 0.0217753 0.0219232 0.0220755 0.0222321 0.0223933 0.0225591 0.0227298 0.0229054 0.023086 0.023272 0.0234633 0.0236601 0.0238627 0.0240711 0.0242856 0.0245063 0.0247334 0.151894 0.153944 0.156052 0.158222 0.160455 0.162753 0.165117 0.16755 0.170053 0.807767
 0.0194519 0.0195562 0.0196635 0.0197738 0.0198874 0.0200043 0.0201245 0.0202483 0.0203756 0.0205066 0.0206415 0.0207802 0.0209229 0.0210698 0.0212209 0.0213765 0.0215365 0.0217011 0.0218706 0.0220449 0.0222243 0.0224089 0.0225989 0.0227943 0.0229955 0.0232024 0.0234154 0.0236345 0.02386 0.150575 0.15261 0.154704 0.156858 0.159075 0.161356 0.163704 0.166119 0.168605 0.806951 0.806951
 0.0187536 0.0188601 0.0189697 0.0190825 0.0191985 0.0193179 0.0194408 0.0195672 0.0196973 0.0198311 0.0199689 0.0201106 0.0202564 0.0204065 0.0205609 0.0207198 0.0208833 0.0210515 0.0212246 0.0214027 0.021586 0.0217746 0.0219687 0.0221684 0.0223739 0.0225853 0.0228029 0.0230267 0.0232571 0.151319 0.153398 0.155537 0.157739 0.160004 0.162334 0.164733 0.1672 0.806175 0.806175 0.806175
 0.0180948 0.0182036 0.0183156 0.0184308 0.0185493 0.0186713 0.0187968 0.018926 0.0190589 0.0191957 0.0193364 0.0194812 0.0196302 0.0197835 0.0199412 0.0201036 0.0202706 0.0204425 0.0206193 0.0208013 0.0209886 0.0211813 0.0213795 0.0215836 0.0217935 0.0220095 0.0222318 0.0224605 0.15007 0.152134 0.154258 0.156444 0.158693 0.161007 0.163388 0.165838 0.805436 0.805436 0.805436 0.805436
 0.0174737 0.0175849 0.0176993 0.017817 0.0179381 0.0180627 0.018191 0.0183229 0.0184587 0.0185984 0.0187422 0.0188901 0.0190424 0.019199 0.0193602 0.019526 0.0196967 0.0198723 0.020053 0.0202389 0.0204302 0.0206271 0.0208296 0.0210381 0.0212525 0.0214732 0.0217003 0.148861 0.15091 0.153019 0.155189 0.157422 0.15972 0.162084 0.164517 0.16702 0.804734 0.804734 0.804734 0.804734
 0.0168887 0.0170023 0.0171191 0.0172394 0.0173631 0.0174905 0.0176215 0.0177563 0.017895 0.0180378 0.0181846 0.0183358 0.0184913 0.0186513 0.018816 0.0189854 0.0191598 0.0193392 0.0195238 0.0197137 0.0199092 0.0201103 0.0203173 0.0205302 0.0207493 0.0209748 0.14769 0.149724 0.151818 0.153973 0.15619 0.158471 0.160819 0.163234 0.165719 0.804066 0.804066 0.804066 0.804066 0.804066
 0.016338 0.0164541 0.0165735 0.0166963 0.0168227 0.0169528 0.0170867 0.0172244 0.0173661 0.017512 0.017662 0.0178165 0.0179753 0.0181388 0.0183071 0.0184802 0.0186583 0.0188416 0.0190302 0.0192242 0.0194239 0.0196294 0.0198409 0.0200584 0.0202823 0.0205126 0.148575 0.150654 0.152793 0.154994 0.157259 0.15959 0.161988 0.164456 0.80343 0.80343 0.80343 0.80343 0.80343 0.80343
 0.0158202 0.0159387 0.0160607 0.0161862 0.0163154 0.0164483 0.0165851 0.0167258 0.0168706 0.0170196 0.0171729 0.0173306 0.017493 0.01766 0.0178319 0.0180087 0.0181907 0.018378 0.0185707 0.0187689 0.0189729 0.0191829 0.0193989 0.0196212 0.0198499 0.14746 0.149524 0.151648 0.153833 0.156082 0.158396 0.160778 0.163228 0.802826 0.802826 0.802826 0.802826 0.802826 0.802826 0.802826
 0.0150202 0.0150202 0.0150202 0.0150202 0.0150202 0.0150202 0.0150202 0.0150202 0.0150202 0.0150202 0.0150202 0.0150202 0.0150202 0.0150202 0.0150202 0.0150202 0.0174718 0.0176632 0.01786 0.0180626 0.018271 0.0184855 0.0187062 0.0189333 0.146094 0.148143 0.150252 0.152422 0.154655 0.156953 0.159317 0.16175 0.164253 0.801967 0.801967 0.801967 0.801967 0.801967 0.801967 0.801967
 0.0141783 0.0141783 0.0141783 0.0141783 0.0141783 0.0141783 0.0141783 0.0141783 0.0141783 0.0141783 0.0141783 0.0141783 0.0141783 0.0141783 0.0141783 0.0164931 0.016683 0.0168785 0.0170796 0.0172865 0.0174995 0.0177186 0.0179441 0.144659 0.146694 0.148788 0.150942 0.153159 0.15544 0.157788 0.160203 0.162689 0.801035 0.801035 0.801035 0.801035 0.801035 0.801035 0.801035 0.801035
 0.0133837 0.0133837 0.0133837 0.0133837 0.0133837 0.0133837 0.0133837 0.0133837 0.0133837 0.0133837 0.0133837 0.0133837 0.0133837 0.0133837 0.0133837 0.0157486 0.0159427 0.0161424 0.0163479 0.0165593 0.0167769 0.0170007 0.0172311 0.145293 0.147372 0.149511 0.151713 0.153978 0.156308 0.158707 0.161174 0.800149 0.800149 0.800149 0.800149 0.800149 0.800149 0.800149 0.800149 0.800149
 0.0126344 0.0126344 0.0126344 0.0126344 0.0126344 0.0126344 0.0126344 0.0126344 0.0126344 0.0126344 0.0126344 0.0126344 0.0126344 0.0126344 0.0148579 0.0150505 0.0152488 0.0154528 0.0156628 0.0158788 0.016101 0.0163298 0.14394 0.146004 0.148128 0.150313 0.152562 0.154876 0.157257 0.159708 0.799306 0.799306 0.799306 0.799306 0.799306 0.799306 0.799306 0.799306 0.799306 0.799306
 0.0118445 0.0119764 0.0121122 0.0122519 0.0123957 0.0125436 0.0126959 0.0128525 0.0130137 0.0131795 0.0133502 0.0135258 0.0137064 0.0138924 0.0140837 0.0142805 0.0144831 0.0146915 0.014906 0.0151267 0.0153538 0.142514 0.144564 0.146673 0.148843 0.151076 0.153373 0.155738 0.15817 0.160674 0.798388 0.798388 0.798388 0.798388 0.798388 0.798388 0.798388 0.798388 0.798388 0.798388
 0.0110227 0.0111575 0.0112962 0.011439 0.0115858 0.011737 0.0118925 0.0120525 0.0122172 0.0123866 0.012561 0.0127404 0.012925 0.0131149 0.0133104 0.0135115 0.0137185 0.0139314 0.0141505 0.014376 0.141091 0.143126 0.14522 0.147374 0.149591 0.151872 0.15422 0.156635 0.159121 0.797467 0.797467 0.797467 0.797467 0.797467 0.797467 0.797467 0.797467 0.797467 0.797467 0.797467
 0.0102479 0.0103856 0.0105274 0.0106732 0.0108233 0.0109777 0.0111366 0.0113 0.0114683 0.0116414 0.0118195 0.0120028 0.0121914 0.0123855 0.0125852 0.0127906 0.0130021 0.0132196 0.0134435 0.0136738 0.141736 0.143815 0.145954 0.148155 0.15042 0.152751 0.155149 0.157617 0.796592 0.796592 0.796592 0.796592 0.796592 0.796592 0.796592 0.796592 0.796592 0.796592 0.796592 0.796592
 0.00951799 0.00965871 0.00980351 0.00995251 0.0101058 0.0102636 0.0104259 0.0105929 0.0107648 0.0109417 0.0111237 0.0113109 0.0115036 0.0117019 0.0119059 0.0121158 0.0123318 0.0125541 0.0127828 0.140393 0.142457 0.144581 0.146766 0.149015 0.151329 0.15371 0.156161 0.795759 0.795759 0.795759 0.795759 0.795759 0.795759 0.795759 0.795759 0.795759 0.795759 0.795759 0.795759 0.795759
 0.00883094 0.00897471 0.00912265 0.00927487 0.0094315 0.00959268 0.00975852 0.00992917 0.0101048 0.0102855 0.0104714 0.0106627 0.0108596 0.0110621 0.0112706 0.011485 0.0117057 0.0119328 0.139094 0.141143 0.143252 0.145422 0.147655 0.149952 0.152317 0.154749 0.157253 0.794967 0.794967 0.794967 0.794967 0.794967 0.794967 0.794967 0.794967 0.794967 0.794967 0.794967 0.794967 0.794967
 0.00818481 0.00833169 0.00848283 0.00863835 0.00879837 0.00896304 0.00913248 0.00930682 0.00948623 0.00967083 0.00986078 0.0100562 0.0102574 0.0104643 0.0106773 0.0108964 0.0111219 0.137837 0.139872 0.141965 0.14412 0.146337 0.148618 0.150966 0.153381 0.155866 0.794213 0.794213 0.794213 0.794213 0.794213 0.794213 0.794213 0.794213 0.794213 0.794213 0.794213 0.794213 0.794213 0.794213
 0.00757775 0.00772782 0.00788223 0.00804112 0.00820461 0.00837284 0.00854595 0.00872407 0.00890736 0.00909596 0.00929002 0.00948971 0.00969519 0.00990663 0.0101242 0.0103481 0.0105784 0.138641 0.140719 0.142859 0.14506 0.147325 0.149656 0.152054 0.154522 0.793496 0.793496 0.793496 0.793496 0.793496 0.793496 0.793496 0.793496 0.793496 0.793496 0.793496 0.793496 0.793496 0.793496 0.793496
 0.00700804 0.00716135 0.00731911 0.00748143 0.00764847 0.00782034 0.0079972 0.00817918 0.00836644 0.00855912 0.00875739 0.00896141 0.00917134 0.00938735 0.00960962 0.00983834 0.137448 0.139512 0.141636 0.143822 0.146071 0.148385 0.150766 0.153216 0.792814 0.792814 0.792814 0.792814 0.792814 0.792814 0.792814 0.792814 0.792814 0.792814 0.792814 0.792814 0.792814 0.792814 0.792814 0.792814
 0.006474 0.00663063 0.00679181 0.00695765 0.00712831 0.0073039 0.00748459 0.00767051 0.00786183 0.00805869 0.00826125 0.00846968 0.00868416 0.00890485 0.00913194 0.136293 0.138342 0.140451 0.142621 0.144854 0.147151 0.149516 0.151948 0.154452 0.792166 0.792166 0.792166 0.792166 0.792166 0.792166 0.792166 0.792166 0.792166 0.792166 0.792166 0.792166 0.792166 0.792166 0.792166 0.792166
 0.00604966 0.00620969 0.00637435 0.00654379 0.00671814 0.00689754 0.00708214 0.00727209 0.00746755 0.00766867 0.00787562 0.00808857 0.00830769 0.00853316 0.135248 0.137283 0.139377 0.141531 0.143748 0.14603 0.148377 0.150792 0.153278 0.791624 0.791624 0.791624 0.791624 0.791624 0.791624 0.791624 0.791624 0.791624 0.791624 0.791624 0.791624 0.791624 0.791624 0.791624 0.791624 0.791624
 0.00577799 0.00594149 0.00610972 0.00628282 0.00646095 0.00664424 0.00683284 0.0070269 0.00722659 0.00743207 0.0076435 0.00786106 0.00808493 0.00831529 0.136377 0.138456 0.140596 0.142797 0.145062 0.147392 0.149791 0.152258 0.791233 0.791233 0.791233 0.791233 0.791233 0.791233 0.791233 0.791233 0.791233 0.791233 0.791233 0.791233 0.791233 0.791233 0.791233 0.791233 0.791233 0.791233
 0.005528 0.00569503 0.00586691 0.00604377 0.00622575 0.006413 0.00660569 0.00680396 0.00700797 0.0072179 0.00743392 0.00765619 0.00788491 0.135495 0.137559 0.139683 0.141868 0.144117 0.146431 0.148813 0.151263 0.790861 0.790861 0.790861 0.790861 0.790861 0.790861 0.790861 0.790861 0.790861 0.790861 0.790861 0.790861 0.790861 0.790861 0.790861 0.790861 0.790861 0.790861 0.790861
 0.0052988 0.00546945 0.00564505 0.00582574 0.00601166 0.00620298 0.00639984 0.0066024 0.00681083 0.00702531 0.007246 0.00747309 0.134634 0.136683 0.138792 0.140962 0.143195 0.145493 0.147857 0.15029 0.152793 0.790507 0.790507 0.790507 0.790507 0.790507 0.790507 0.790507 0.790507 0.790507 0.790507 0.790507 0.790507 0.790507 0.790507 0.790507 0.790507 0.790507 0.790507 0.790507
 0.00521333 0.00538768 0.00556708 0.00575168 0.00594164 0.00613709 0.00633821 0.00654517 0.00675811 0.00697724 0.00720271 0.133917 0.135952 0.138046 0.140201 0.142418 0.144699 0.147046 0.149462 0.151947 0.790294 0.790294 0.790294 0.790294 0.790294 0.790294 0.790294 0.790294 0.790294 0.790294 0.790294 0.790294 0.790294 0.790294 0.790294 0.790294 0.790294 0.790294 0.790294 0.790294
 0.00534363 0.00552175 0.00570504 0.00589364 0.0060877 0.00628739 0.00649287 0.00670431 0.00692187 0.00714573 0.00737609 0.135438 0.137517 0.139656 0.141858 0.144123 0.146453 0.148852 0.151319 0.790294 0.790294 0.790294 0.790294 0.790294 0.790294 0.790294 0.790294 0.790294 0.790294 0.790294 0.790294 0.790294 0.790294 0.790294 0.790294 0.790294 0.790294 0.790294 0.790294 0.790294
 0.00547674 0.00565872 0.00584598 0.00603867 0.00623693 0.00644095 0.00665088 0.00686689 0.00708917 0.00731788 0.134928 0.136992 0.139116 0.141301 0.14355 0.145864 0.148246 0.150696 0.790294 0.790294 0.790294 0.790294 0.790294 0.790294 0.790294 0.790294 0.790294 0.790294 0.790294 0.790294 0.790294 0.790294 0.790294 0.790294 0.790294 0.790294 0.790294 0.790294 0.790294 0.790294
 0.00559444 0.00577983 0.0059706 0.0061669 0.00636888 0.00657672 0.00679058 0.00701065 0.00723709 0.134219 0.136263 0.138366 0.140529 0.142756 0.145047 0.147404 0.14983 0.152326 0.790294 0.790294 0.790294 0.790294 0.790294 0.790294 0.790294 0.790294 0.790294 0.790294 0.790294 0.790294 0.790294 0.790294 0.790294 0.790294 0.790294 0.790294 0.790294 0.790294 0.790294 0.790294
 0.00174552 0.00194257 0.00564029 0.00582701 0.00601915 0.00621685 0.00642029 0.00662962 0.00684501 0.00706665 0.00729472 0.134724 0.136783 0.138901 0.14108 0.143323 0.14563 0.148004 0.150448 0.152961 0.790294 0.790294 0.790294 0.790294 0.790294 0.790294 0.790294 0.790294 0.790294 0.790294 0.790294 0.790294 0.790294 0.790294 0.790294 0.790294 0.790294 0.790294 0.790294 0.790294
 0.00141396 0.00160139 0.00179426 0.00199271 0.00568647 0.00587453 0.00606805 0.00626717 0.00647206 0.00668289 0.00689983 0.00712306 0.00735276 0.135234 0.137307 0.13944 0.141635 0.143893 0.146217 0.148609 0.151069 0.790294 0.790294 0.790294 0.790294 0.790294 0.790294 0.790294 0.790294 0.790294 0.790294 0.790294 0.790294 0.790294 0.790294 0.790294 0.790294 0.790294 0.790294 0.790294
 0.00109857 0.00127686 0.00146032 0.00164909 0.00184334 0.00204322 0.00573299 0.0059224 0.00611729 0.00631784 0.0065242 0.00673654 0.00695504 0.00717987 0.00741121 0.135746 0.137834 0.139983 0.142193 0.144468 0.146809 0.149217 0.151696 0.790294 0.790294 0.790294 0.790294 0.790294 0.790294 0.790294 0.790294 0.790294 0.790294 0.790294 0.790294 0.790294 0.790294 0.790294 0.790294 0.790294
 0.000798561 0.000968156 0.00114267 0.00132224 0.00150701 0.00169714 0.00189278 0.00559444 0.00577983 0.0059706 0.0061669 0.00636888 0.00657672 0.00679058 0.00701065 0.00723709 0.134219 0.136263 0.138366 0.140529 0.142756 0.145047 0.147404 0.14983 0.152326 0.790294 0.790294 0.790294 0.790294 0.790294 0.790294 0.790294 0.790294 0.790294 0.790294 0.790294 0.790294 0.790294 0.790294 0.790294
 0.000523156 0.000674507 0.000840507 0.00101132 0.00118708 0.00136793 0.00155403 0.00174552 0.00194257 0.00564029 0.00582701 0.00601915 0.00621685 0.00642029 0.00662962 0.00684501 0.00706665 0.00729472 0.134724 0.136783 0.138901 0.14108 0.143323 0.14563 0.148004 0.150448 0.152961 0.790294 0.790294 0.790294 0.790294 0.790294 0.790294 0.790294 0.790294 0.790294 0.790294 0.790294 0.790294 0.790294
 0.000494653 0.000510766 0.000553083 0.000715563 0.000882753 0.00105479 0.00123181 0.00141396 0.00160139 0.00179426 0.00199271 0.00568647 0.00587453 0.00606805 0.00626717 0.00647206 0.00668289 0.00689983 0.00712306 0.00735276 0.135234 0.137307 0.13944 0.141635 0.143893 0.146217 0.148609 0.151069 0.790294 0.790294 0.790294 0.790294 0.790294 0.790294 0.790294 0.790294 0.790294 0.790294 0.790294 0.790294
 0.000467539 0.000482866 0.000498638 0.000514866 0.000593269 0.000756914 0.000925302 0.00109857 0.00127686 0.00146032 0.00164909 0.00184334 0.00204322 0.00573299 0.0059224 0.00611729 0.00631784 0.0065242 0.00673654 0.00695504 0.00717987 0.00741121 0.135746 0.137834 0.139983 0.142193 0.144468 0.146809 0.149217 0.151696 0.790294 0.790294 0.790294 0.790294 0.790294 0.790294 0.790294 0.790294 0.790294 0.790294
 0.000441748 0.000456328 0.00047133 0.000486767 0.000502652 0.000518996 0.000633743 0.000798561 0.000968156 0.00114267 0.00132224 0.00150701 0.00169714 0.00189278 0.00559444 0.00577983 0.0059706 0.0061669 0.00636888 0.00657672 0.00679058 0.00701065 0.00723709 0.134219 0.136263 0.138366 0.140529 0.142756 0.145047 0.147404 0.14983 0.152326 0.790294 0.790294 0.790294 0.790294 0.790294 0.790294 0.790294 0.790294
 0.000417215 0.000431084 0.000445354 0.000460038 0.000475148 0.000490696 0.000506694 0.000523156 0.000674507 0.000840507 0.00101132 0.00118708 0.00136793 0.00155403 0.00174552 0.00194257 0.00564029 0.00582701 0.00601915 0.00621685 0.00642029 0.00662962 0.00684501 0.00706665 0.00729472 0.134724 0.136783 0.138901 0.14108 0.143323 0.14563 0.148004 0.150448 0.152961 0.790294 0.790294 0.790294 0.790294 0.790294 0.790294
 0.000393879 0.000407071 0.000420645 0.000434613 0.000448986 0.000463775 0.000478994 0.000494653 0.000510766 0.000553083 0.000715563 0.000882753 0.00105479 0.00123181 0.00141396 0.00160139 0.00179426 0.00199271 0.00568647 0.00587453 0.00606805 0.00626717 0.00647206 0.00668289 0.00689983 0.00712306 0.00735276 0.135234 0.137307 0.13944 0.141635 0.143893 0.146217 0.148609 0.151069 0.790294 0.790294 0.790294 0.790294 0.790294
 0.00037168 0.000384229 0.000397141 0.000410428 0.0004241 0.000438168 0.000452644 0.000467539 0.000482866 0.000498638 0.000514866 0.000593269 0.000756914 0.000925302 0.00109857 0.00127686 0.00146032 0.00164909 0.00184334 0.00204322 0.00573299 0.0059224 0.00611729 0.00631784 0.0065242 0.00673654 0.00695504 0.00717987 0.00741121 0.135746 0.137834 0.139983 0.142193 0.144468 0.146809 0.149217 0.151696 0.790294 0.790294 0.790294
 0.000350564 0.000362501 0.000374784 0.000387422 0.000400427 0.000413809 0.000427579 0.000441748 0.000456328 0.00047133 0.000486767 0.000502652 0.000518996 0.000633743 0.000798561 0.000968156 0.00114267 0.00132224 0.00150701 0.00169714 0.00189278 0.00559444 0.00577983 0.0059706 0.0061669 0.00636888 0.00657672 0.00679058 0.00701065 0.00723709 0.134219 0.136263 0.138366 0.140529 0.142756 0.145047 0.147404 0.14983 0.152326 0.790294
 0.000330478 0.000341833 0.000353516 0.000365539 0.00037791 0.000390639 0.000403737 0.000417215 0.000431084 0.000445354 0.000460038 0.000475148 0.000490696 0.000506694 0.000523156 0.000674507 0.000840507 0.00101132 0.00118708 0.00136793 0.00155403 0.00174552 0.00194257 0.00564029 0.00582701 0.00601915 0.00621685 0.00642029 0.00662962 0.00684501 0.00706665 0.00729472 0.134724 0.136783 0.138901 0.14108 0.143323 0.14563 0.148004 0.150448
 0.000311372 0.000322172 0.000333286 0.000344722 0.00035649 0.000368598 0.000381058 0.000393879 0.000407071 0.000420645 0.000434613 0.000448986 0.000463775 0.000478994 0.000494653 0.000510766 0.000553083 0.000715563 0.000882753 0.00105479 0.00123181 0.00141396 0.00160139 0.00179426 0.00199271 0.00568647 0.00587453 0.00606805 0.00626717 0.00647206 0.00668289 0.00689983 0.00712306 0.00735276 0.135234 0.137307 0.13944 0.141635 0.143893 0.146217
 0.000293197 0.000303471 0.000314043 0.000324921 0.000336115 0.000347633 0.000359485 0.00037168 0.000384229 0.000397141 0.000410428 0.0004241 0.000438168 0.000452644 0.000467539 0.000482866 0.000498638 0.000514866 0.000593269 0.000756914 0.000925302 0.00109857 0.00127686 0.00146032 0.00164909 0.00184334 0.00204322 0.00573299 0.0059224 0.00611729 0.00631784 0.0065242 0.00673654 0.00695504 0.00717987 0.00741121 0.135746 0.137834 0.139983 0.142193
 0.000275909 0.000285682 0.000295738 0.000306086 0.000316733 0.00032769 0.000338964 0.000350564 0.000362501 0.000374784 0.000387422 0.000400427 0.000413809 0.000427579 0.000441748 0.000456328 0.00047133 0.000486767 0.000502652 0.000518996 0.000633743 0.000798561 0.000968156 0.00114267 0.00132224 0.00150701 0.00169714 0.00189278 1.00025 1.00044 1.00063 1.00082 1.00102 1.00123 1.00145 1.00167 1.00189 1.12888 1.13092 1.13302
 0.000259464 0.00026876 0.000278326 0.000288169 0.000298297 0.000308719 0.000319443 0.000330478 0.000341833 0.000353516 0.000365539 0.00037791 0.000390639 0.000403737 0.000417215 0.000431084 0.000445354 0.000460038 0.000475148 0.000490696 0.000506694 0.000523156 0.000674507 0.000840507 0.00101132 0.00118708 0.00136793 0.00155403 0.00174552 0.00194257 0.951623 0.95181 0.952002 0.9522 0.952403 0.952613 0.952828 0.95305 0.953278 1.08071
 0.000244694 0.000253562 0.000262687 0.000272077 0.000281739 0.000291681 0.000301911 0.000312438 0.00032327 0.000334415 0.000345884 0.000357685 0.000369828 0.000382324 0.000395181 0.000408411 0.000422024 0.000436032 0.000450446 0.000465278 0.000480539 0.000496243 0.000512402 0.000569123 0.000732068 0.000899736 0.00107226 0.00124979 0.00143247 0.00162043 0.00181385 0.00201287 0.907196 0.907385 0.907579 0.907779 0.907984 0.908196 0.908413 0.908637
 0.000251321 0.000260381 0.000269704 0.000279298 0.000289169 0.000299326 0.000309778 0.000320533 0.000331599 0.000342986 0.000354703 0.00036676 0.000379166 0.000391932 0.000405068 0.000418584 0.000432493 0.000446804 0.00046153 0.000476683 0.000492275 0.000508319 0.000529109 0.000690894 0.000857369 0.00102867 0.00120493 0.00138631 0.00157294 0.00176498 0.00196258 0.90715 0.907337 0.90753 0.907728 0.907932 0.908142 0.908358 0.908581 1.69179
 0.000258092 0.000267349 0.000276874 0.000286675 0.00029676 0.000307137 0.000317815 0.000328803 0.000340109 0.000351743 0.000363713 0.000376031 0.000388706 0.000401749 0.000415169 0.000428978 0.000443188 0.000457809 0.000472854 0.000488335 0.000504265 0.000520657 0.000650013 0.000815303 0.000985384 0.00116039 0.00134048 0.00152578 0.00171645 0.00191265 0.907104 0.90729 0.907481 0.907678 0.907881 0.908089 0.908304 0.908524 0.908752 1.69179
 0.00026501 0.000274467 0.000284198 0.000294211 0.000304515 0.000315117 0.000326026 0.000337252 0.000348803 0.000360689 0.000372919 0.000385504 0.000398453 0.000411778 0.000425489 0.000439597 0.000454114 0.000469052 0.000484423 0.00050024 0.000516515 0.000609424 0.000773537 0.000942407 0.00111617 0.00129497 0.00147895 0.00166827 0.00186307 0.907059 0.907243 0.907433 0.907629 0.90783 0.908037 0.90825 0.908469 0.908694 1.69179 1.69179
 0.000272077 0.000281739 0.000291681 0.000301911 0.000312438 0.00032327 0.000334415 0.000345884 0.000357685 0.000369828 0.000382324 0.000395181 0.000408411 0.000422024 0.000436032 0.000450446 0.000465278 0.000480539 0.000496243 0.000512402 0.000569123 0.000732068 0.000899736 0.00107226 0.00124979 0.00143247 0.00162043 0.00181385 0.00201287 0.907196 0.907385 0.907579 0.907779 0.907984 0.908196 0.908413 0.908637 1.69179 1.69179 1.69179
 0.000279298 0.000289169 0.000299326 0.000309778 0.000320533 0.000331599 0.000342986 0.000354703 0.00036676 0.000379166 0.000391932 0.000405068 0.000418584 0.000432493 0.000446804 0.00046153 0.000476683 0.000492275 0.000508319 0.000529109 0.000690894 0.000857369 0.00102867 0.00120493 0.00138631 0.00157294 0.00176498 0.00196258 0.90715 0.907337 0.90753 0.907728 0.907932 0.908142 0.908358 0.908581 1.69179 1.69179 1.69179 1.69179
 0.000286675 0.00029676 0.000307137 0.000317815 0.000328803 0.000340109 0.000351743 0.000363713 0.000376031 0.000388706 0.000401749 0.000415169 0.000428978 0.000443188 0.000457809 0.000472854 0.000488335 0.000504265 0.000520657 0.000650013 0.000815303 0.000985384 0.00116039 0.00134048 0.00152578 0.00171645 0.00191265 0.907104 0.90729 0.907481 0.907678 0.907881 0.908089 0.908304 0.908524 0.908752 1.69179 1.69179 1.69179 1.69179
 0.000294211 0.000304515 0.000315117 0.000326026 0.000337252 0.000348803 0.000360689 0.000372919 0.000385504 0.000398453 0.000411778 0.000425489 0.000439597 0.000454114 0.000469052 0.000484423 0.00050024 0.000516515 0.000609424 0.000773537 0.000942407 0.00111617 0.00129497 0.00147895 0.00166827 0.00186307 0.907059 0.907243 0.907433 0.907629 0.90783 0.908037 0.90825 0.908469 0.908694 1.69179 1.69179 1.69179 1.69179 1.69179
 0.000301911 0.000312438 0.00032327 0.000334415 0.000345884 0.000357685 0.000369828 0.000382324 0.000395181 0.000408411 0.000422024 0.000436032 0.000450446 0.000465278 0.000480539 0.000496243 0.000512402 0.000569123 0.000732068 0.000899736 0.00107226 0.00124979 0.00143247 0.00162043 0.00181385 0.00201287 0.907196 0.907385 0.907579 0.907779 0.907984 0.908196 0.908413 0.908637 1.69179 1.69179 1.69179 1.69179 1.69179 1.69179
 0.000309778 0.000320533 0.000331599 0.000342986 0.000354703 0.00036676 0.000379166 0.000391932 0.000405068 0.000418584 0.000432493 0.000446804 0.00046153 0.000476683 0.000492275 0.000508319 0.000529109 0.000690894 0.000857369 0.00102867 0.00120493 0.00138631 0.00157294 0.00176498 0.00196258 0.90715 0.907337 0.90753 0.907728 0.907932 0.908142 0.908358 0.908581 1.69179 1.69179 1.69179 1.69179 1.69179 1.69179 1.69179
 0.000302246 0.000302246 0.000302246 0.000302246 0.000302246 0.000302246 0.000302246 0.000302246 0.000302246 0.000302246 0.000302246 0.000302246 0.000302246 0.000302246 0.000302246 0.000302246 0.000637143 0.000802432 0.000972513 0.00114752 0.00132761 0.00151291 0.00170358 0.00189978 0.907091 0.907277 0.907469 0.907665 0.907868 0.908076 0.908291 0.908512 0.908739 1.69177 1.69177 1.69177 1.69177 1.69177 1.69177 1.69177
 0.000292945 0.000292945 0.000292945 0.000292945 0.000292945 0.000292945 0.000292945 0.000292945 0.000292945 0.000292945 0.000292945 0.000292945 0.000292945 0.000292945 0.000292945 0.000579099 0.000743212 0.000912082 0.00108585 0.00126465 0.00144863 0.00163795 0.00183275 0.907028 0.907213 0.907403 0.907598 0.907799 0.908006 0.908219 0.908438 0.908664 1.69175 1.69175 1.69175 1.69175 1.69175 1.69175 1.69175 1.69175
 0.000284672 0.000284672 0.000284672 0.000284672 0.000284672 0.000284672 0.000284672 0.000284672 0.000284672 0.000284672 0.000284672 0.000284672 0.000284672 0.000284672 0.000324765 0.000685141 0.000852809 0.00102534 0.00120286 0.00138554 0.00157351 0.00176692 0.00196594 0.90715 0.907338 0.907532 0.907732 0.907937 0.908149 0.908366 0.90859 1.69174 1.69174 1.69174 1.69174 1.69174 1.69174 1.69174 1.69174 1.69174
 0.000277389 0.000277389 0.000277389 0.000277389 0.000277389 0.000277389 0.000277389 0.000277389 0.000277389 0.000277389 0.000277389 0.000277389 0.000277389 0.000281669 0.000628174 0.000794649 0.000965949 0.00114221 0.00132359 0.00151022 0.00170226 0.00189986 0.907087 0.907275 0.907467 0.907666 0.90787 0.90808 0.908296 0.908518 1.69172 1.69172 1.69172 1.69172 1.69172 1.69172 1.69172 1.69172 1.69172 1.69172
 0.000295076 0.000307047 0.000319365 0.00033204 0.000345082 0.000358502 0.000372311 0.000386521 0.000401142 0.000416187 0.000431669 0.000447599 0.00046399 0.000593347 0.000758637 0.000928717 0.00110373 0.00128381 0.00146911 0.00165978 0.00185598 0.907048 0.907233 0.907425 0.907622 0.907824 0.908033 0.908247 0.908468 0.908695 1.69173 1.69173 1.69173 1.69173 1.69173 1.69173 1.69173 1.69173 1.69173 1.69173
 0.000318312 0.000330542 0.000343127 0.000356076 0.000369401 0.000383112 0.00039722 0.000411738 0.000426676 0.000442047 0.000457863 0.000474138 0.000567047 0.00073116 0.00090003 0.00107379 0.0012526 0.00143658 0.00162589 0.0018207 0.907016 0.907201 0.907391 0.907586 0.907787 0.907994 0.908207 0.908426 0.908652 1.69174 1.69174 1.69174 1.69174 1.69174 1.69174 1.69174 1.69174 1.69174 1.69174 1.69174
 0.000341045 0.00035354 0.000366397 0.000379627 0.00039324 0.000407248 0.000421662 0.000436494 0.000451756 0.000467459 0.000483619 0.000540339 0.000703284 0.000870952 0.00104348 0.00122101 0.00140368 0.00159165 0.00178507 0.00198409 0.907168 0.907356 0.90755 0.90775 0.907956 0.908167 0.908385 0.908608 1.69176 1.69176 1.69176 1.69176 1.69176 1.69176 1.69176 1.69176 1.69176 1.69176 1.69176 1.69176
 0.000363312 0.000376078 0.000389214 0.00040273 0.000416639 0.00043095 0.000445676 0.000460829 0.000476421 0.000492465 0.000513255 0.00067504 0.000841515 0.00101281 0.00118908 0.00137045 0.00155708 0.00174912 0.00194673 0.907134 0.907322 0.907514 0.907713 0.907917 0.908126 0.908342 0.908565 1.69177 1.69177 1.69177 1.69177 1.69177 1.69177 1.69177 1.69177 1.69177 1.69177 1.69177 1.69177 1.69177
 0.000385152 0.000398194 0.000411614 0.000425424 0.000439633 0.000454254 0.0004693 0.000484781 0.000500711 0.000517102 0.000646459 0.000811749 0.000981829 0.00115684 0.00133692 0.00152222 0.0017129 0.00190909 0.907101 0.907287 0.907478 0.907675 0.907877 0.908086 0.9083 0.908521 0.908748 1.69178 1.69178 1.69178 1.69178 1.69178 1.69178 1.69178 1.69178 1.69178 1.69178 1.69178 1.69178 1.69178
 0.000403326 0.000403326 0.000403326 0.000403326 0.000403326 0.000403326 0.000403326 0.000403326 0.000403326 0.000617569 0.000781682 0.000950552 0.00112432 0.00130312 0.0014871 0.00167642 0.00187122 0.907067 0.907251 0.907441 0.907637 0.907838 0.908045 0.908258 0.908477 0.908702 1.69179 1.69179 1.69179 1.69179 1.69179 1.69179 1.69179 1.69179 1.69179 1.69179 1.69179 1.69179 1.69179 1.69179
 0.000424342 0.000424342 0.000424342 0.000424342 0.000424342 0.000424342 0.000424342 0.000424342 0.000464435 0.000751342 0.00091901 0.00109154 0.00126907 0.00145174 0.00163971 0.00183312 0.00203214 0.907216 0.907404 0.907598 0.907798 0.908004 0.908215 0.908433 0.908656 1.6918 1.6918 1.6918 1.6918 1.6918 1.6918 1.6918 1.6918 1.6918 1.6918 1.6918 1.6918 1.6918 1.6918 1.6918
 0.000445029 0.000445029 0.000445029 0.000445029 0.000445029 0.000445029 0.000445029 0.000449309 0.000720754 0.000887229 0.00105853 0.00123479 0.00141617 0.0016028 0.00179484 0.00199244 0.90718 0.907367 0.90756 0.907758 0.907962 0.908172 0.908388 0.90861 1.69182 1.69182 1.69182 1.69182 1.69182 1.69182 1.69182 1.69182 1.69182 1.69182 1.69182 1.69182 1.69182 1.69182 1.69182 1.69182
 0.000465419 0.000465419 0.000465419 0.000465419 0.000465419 0.000465419 0.000465419 0.000689943 0.000855233 0.00102531 0.00120032 0.00138041 0.00156571 0.00175638 0.00195258 0.907144 0.90733 0.907521 0.907718 0.907921 0.908129 0.908344 0.908564 0.908791 1.69183 1.69183 1.69183 1.69183 1.69183 1.69183 1.69183 1.69183 1.69183 1.69183 1.69183 1.69183 1.69183 1.69183 1.69183 1.69183
 0.000485541 0.000485541 0.000485541 0.000485541 0.000485541 0.000485541 0.000658932 0.000823046 0.000991916 0.00116568 0.00134448 0.00152846 0.00171778 0.00191258 0.907108 0.907293 0.907483 0.907678 0.907879 0.908086 0.908299 0.908518 0.908744 1.69183 1.69183 1.69183 1.69183 1.69183 1.69183 1.69183 1.69183 1.69183 1.69183 1.69183 1.69183 1.69183 1.69183 1.69183 1.69183 1.69183
 0.000505424 0.000505424 0.000505424 0.000505424 0.000505424 0.000545517 0.000790688 0.000958356 0.00113088 0.00130841 0.00149109 0.00167905 0.00187247 0.00207149 0.907255 0.907444 0.907638 0.907837 0.908043 0.908254 0.908472 0.908696 1.69184 1.69184 1.69184 1.69184 1.69184 1.69184 1.69184 1.69184 1.69184 1.69184 1.69184 1.69184 1.69184 1.69184 1.69184 1.69184 1.69184 1.69184
 0.000525097 0.000525097 0.000525097 0.000525097 0.000529377 0.000758182 0.000924656 0.00109596 0.00127222 0.00145359 0.00164022 0.00183226 0.00202987 0.907217 0.907405 0.907597 0.907796 0.908 0.90821 0.908426 0.908648 1.69185 1.69185 1.69185 1.69185 1.69185 1.69185 1.69185 1.69185 1.69185 1.69185 1.69185 1.69185 1.69185 1.69185 1.69185 1.69185 1.69185 1.69185 1.69185
 0.000544585 0.000544585 0.000544585 0.000544585 0.000725546 0.000890835 0.00106092 0.00123593 0.00141601 0.00160131 0.00179198 0.00198818 0.90718 0.907366 0.907557 0.907754 0.907956 0.908165 0.908379 0.9086 0.908827 1.69186 1.69186 1.69186 1.69186 1.69186 1.69186 1.69186 1.69186 1.69186 1.69186 1.69186 1.69186 1.69186 1.69186 1.69186 1.69186 1.69186 1.69186 1.69186
 0.000563914 0.000563914 0.000563914 0.000692798 0.000856912 0.00102578 0.00119955 0.00137835 0.00156233 0.00175164 0.00194645 0.907142 0.907327 0.907516 0.907712 0.907913 0.90812 0.908333 0.908552 0.908778 1.69187 1.69187 1.69187 1.69187 1.69187 1.69187 1.69187 1.69187 1.69187 1.69187 1.69187 1.69187 1.69187 1.69187 1.69187 1.69187 1.69187 1.69187 1.69187 1.69187
 0.00058311 0.00058311 0.000623203 0.000822903 0.000990571 0.0011631 0.00134063 0.0015233 0.00171127 0.00190468 0.00210371 0.907287 0.907476 0.90767 0.90787 0.908075 0.908287 0.908504 0.908728 1.69188 1.69188 1.69188 1.69188 1.69188 1.69188 1.69188 1.69188 1.69188 1.69188 1.69188 1.69188 1.69188 1.69188 1.69188 1.69188 1.69188 1.69188 1.69188 1.69188 1.69188
 0.000602196 0.000606476 0.000788825 0.0009553 0.0011266 0.00130286 0.00148424 0.00167087 0.00186291 0.00206051 0.907248 0.907435 0.907628 0.907826 0.90803 0.90824 0.908456 0.908679 1.69188 1.69188 1.69188 1.69188 1.69188 1.69188 1.69188 1.69188 1.69188 1.69188 1.69188 1.69188 1.69188 1.69188 1.69188 1.69188 1.69188 1.69188 1.69188 1.69188 1.69188 1.69188
 0.000451015 0.000565761 0.00073058 0.000900175 0.00107469 0.00125425 0.00143903 0.00162916 0.00182479 0.906615 0.9068 0.906991 0.907187 0.907389 0.907597 0.907811 0.908031 0.908257 1.69131 1.69131 1.69131 1.69131 1.69131 1.69131 1.69131 1.69131 1.69131 1.69131 1.69131 1.69131 1.69131 1.69131 1.69131 1.69131 1.69131 1.69131 1.69131 1.69131 1.69131 1.69131
 3.47426e-06 5.35116e-06 0.000436248 0.000587599 0.000753598 0.000924409 0.00110017 0.00128103 0.00146712 0.00165862 0.00185566 0.896815 0.897001 0.897193 0.897391 0.897595 0.897804 0.898019 0.898241 0.898469 1.68147 1.68147 1.68147 1.68147 1.68147 1.68147 1.68147 1.68147 1.68147 1.68147 1.68147 1.68147 1.68147 1.68147 1.68147 1.68147 1.68147 1.68147 1.68147 1.68147
